-0.27846458554267883 , 48.107818603515625
-0.27846458554267883 , 47.91938018798828
-0.27846458554267883 , 21.51898956298828
-0.27846458554267883 , 40.328006744384766
-0.27846458554267883 , 11.768352508544922
-0.27846458554267883 , 15.904057502746582
-0.27846458554267883 , 14.549393653869629
-0.27846458554267883 , 9.775129318237305
-0.27846458554267883 , 19.842437744140625
-0.27846458554267883 , 15.219332695007324
-0.27846458554267883 , 16.24796485900879
-0.27846458554267883 , 11.536080360412598
-0.27846458554267883 , 14.357793807983398
-0.27846458554267883 , 10.1224946975708
-0.27846458554267883 , 11.854585647583008
-0.27846458554267883 , 9.861181259155273
-0.27846458554267883 , 13.852240562438965
-0.27846458554267883 , 12.972161293029785
-0.27846458554267883 , 13.2105131149292
-0.27846458554267883 , 11.895881652832031
-0.27846458554267883 , 9.296191215515137
-0.27846458554267883 , 13.240521430969238
-0.27846458554267883 , 8.886648178100586
-0.27846458554267883 , 17.011398315429688
-0.27846458554267883 , 7.576966285705566
-0.27846458554267883 , 23.41110610961914
-0.27846458554267883 , 16.13449478149414
-0.27846458554267883 , 17.173391342163086
-0.27846458554267883 , 9.139398574829102
-0.27846458554267883 , 11.571040153503418
-0.27846458554267883 , 10.432703018188477
-0.27846458554267883 , 10.431137084960938
-0.27846458554267883 , 9.282832145690918
-0.27846458554267883 , 11.312573432922363
-0.27846458554267883 , 10.249494552612305
-0.27846458554267883 , 10.638072967529297
-0.27846458554267883 , 10.749094009399414
-0.27846458554267883 , 8.903702735900879
-0.27846458554267883 , 14.910786628723145
-0.27846458554267883 , 7.859497547149658
-0.27846458554267883 , 17.36333465576172
-0.27846458554267883 , 8.287841796875
-0.27846458554267883 , 24.765283584594727
-0.27846458554267883 , 17.351633071899414
-0.27846458554267883 , 18.703502655029297
-0.27846458554267883 , 11.095298767089844
-0.27846458554267883 , 13.108491897583008
-0.27846458554267883 , 13.046457290649414
-0.27846458554267883 , 14.589241027832031
-0.27846458554267883 , 14.574901580810547
-0.27846458554267883 , 12.026020050048828
-0.27846458554267883 , 11.459646224975586
-0.27846458554267883 , 14.252311706542969
-0.27846458554267883 , 16.65022087097168
-0.27846458554267883 , 21.992233276367188
-0.27846458554267883 , 45.078678131103516
-0.27846458554267883 , 50.73021697998047
-0.27846458554267883 , 26.898176193237305
-0.27846458554267883 , 65.96531677246094
-0.27846458554267883 , 17.96970558166504
-0.27846458554267883 , 27.039775848388672
-0.27846458554267883 , 30.409090042114258
-0.27846458554267883 , 46.47303771972656
-0.27846458554267883 , 36.231632232666016
-0.27846458554267883 , 131.7176055908203
-0.27846458554267883 , 47.484107971191406
-0.27846458554267883 , 11.336658477783203
-0.27846458554267883 , 32.588008880615234
-0.27846458554267883 , 27.465099334716797
-0.27846458554267883 , 59.94935607910156
-0.27846458554267883 , 63.92739486694336
-0.27846458554267883 , 64.52594757080078
