-0.27846458554267883 , 130.5877685546875
-0.27846458554267883 , 95.8485107421875
-0.27846458554267883 , 26.774709701538086
-0.27846458554267883 , 78.24769592285156
-0.27846458554267883 , 13.158267974853516
-0.27846458554267883 , 10.960750579833984
-0.27846458554267883 , 14.709329605102539
-0.27846458554267883 , 13.630440711975098
-0.27846458554267883 , 29.272836685180664
-0.27846458554267883 , 16.14176368713379
-0.27846458554267883 , 17.705610275268555
-0.27846458554267883 , 9.694321632385254
-0.27846458554267883 , 15.27534008026123
-0.27846458554267883 , 10.92509937286377
-0.27846458554267883 , 21.127065658569336
-0.27846458554267883 , 11.184391975402832
-0.27846458554267883 , 16.866649627685547
-0.27846458554267883 , 14.668116569519043
-0.27846458554267883 , 15.379780769348145
-0.27846458554267883 , 16.1201229095459
-0.27846458554267883 , 14.187676429748535
-0.27846458554267883 , 21.443931579589844
-0.27846458554267883 , 15.048653602600098
-0.27846458554267883 , 27.905994415283203
-0.27846458554267883 , 15.943467140197754
-0.27846458554267883 , 35.22238540649414
-0.27846458554267883 , 22.2504825592041
-0.27846458554267883 , 20.80947494506836
-0.27846458554267883 , 10.813549041748047
-0.27846458554267883 , 17.206371307373047
-0.27846458554267883 , 13.145528793334961
-0.27846458554267883 , 16.793527603149414
-0.27846458554267883 , 13.063301086425781
-0.27846458554267883 , 16.01816749572754
-0.27846458554267883 , 16.052186965942383
-0.27846458554267883 , 14.833057403564453
-0.27846458554267883 , 20.99007797241211
-0.27846458554267883 , 17.526987075805664
-0.27846458554267883 , 26.902067184448242
-0.27846458554267883 , 17.85544204711914
-0.27846458554267883 , 26.528623580932617
-0.27846458554267883 , 16.43545150756836
-0.27846458554267883 , 38.741432189941406
-0.27846458554267883 , 22.35521697998047
-0.27846458554267883 , 21.676542282104492
-0.27846458554267883 , 15.149486541748047
-0.27846458554267883 , 16.642101287841797
-0.27846458554267883 , 17.429203033447266
-0.27846458554267883 , 16.75189971923828
-0.27846458554267883 , 17.653444290161133
-0.27846458554267883 , 16.570981979370117
-0.27846458554267883 , 22.218564987182617
-0.27846458554267883 , 15.132899284362793
-0.27846458554267883 , 21.385173797607422
-0.27846458554267883 , 20.436180114746094
-0.27846458554267883 , 22.80366325378418
-0.27846458554267883 , 19.40080451965332
-0.27846458554267883 , 28.9874210357666
-0.27846458554267883 , 18.863691329956055
-0.27846458554267883 , 14.447675704956055
-0.27846458554267883 , 21.6795711517334
-0.27846458554267883 , 19.812345504760742
-0.27846458554267883 , 22.756860733032227
-0.27846458554267883 , 16.490488052368164
-0.27846458554267883 , 37.89793014526367
-0.27846458554267883 , 21.961505889892578
-0.27846458554267883 , 10.544231414794922
-0.27846458554267883 , 15.59671401977539
-0.27846458554267883 , 12.167245864868164
-0.27846458554267883 , 21.100387573242188
-0.27846458554267883 , 14.870332717895508
-0.27846458554267883 , 42.501182556152344
