-0.27846458554267883 , 127.95972442626953
-0.27846458554267883 , 95.8485107421875
-0.27846458554267883 , 26.774709701538086
-0.27846458554267883 , 76.21083068847656
-0.27846458554267883 , 12.8899507522583
-0.27846458554267883 , 10.960750579833984
-0.27846458554267883 , 14.403653144836426
-0.27846458554267883 , 13.003045082092285
-0.27846458554267883 , 29.272836685180664
-0.27846458554267883 , 16.14176368713379
-0.27846458554267883 , 16.297651290893555
-0.27846458554267883 , 9.694321632385254
-0.27846458554267883 , 14.360154151916504
-0.27846458554267883 , 9.206299781799316
-0.27846458554267883 , 21.127065658569336
-0.27846458554267883 , 11.094549179077148
-0.27846458554267883 , 15.59644889831543
-0.27846458554267883 , 14.668116569519043
-0.27846458554267883 , 14.040773391723633
-0.27846458554267883 , 16.1201229095459
-0.27846458554267883 , 13.74645709991455
-0.27846458554267883 , 21.443931579589844
-0.27846458554267883 , 12.99146556854248
-0.27846458554267883 , 27.773862838745117
-0.27846458554267883 , 15.943467140197754
-0.27846458554267883 , 34.21500015258789
-0.27846458554267883 , 22.2504825592041
-0.27846458554267883 , 20.80947494506836
-0.27846458554267883 , 10.813549041748047
-0.27846458554267883 , 16.12252426147461
-0.27846458554267883 , 12.786040306091309
-0.27846458554267883 , 16.499160766601562
-0.27846458554267883 , 13.063301086425781
-0.27846458554267883 , 16.01816749572754
-0.27846458554267883 , 16.052186965942383
-0.27846458554267883 , 14.259634971618652
-0.27846458554267883 , 20.789108276367188
-0.27846458554267883 , 16.858346939086914
-0.27846458554267883 , 26.902067184448242
-0.27846458554267883 , 17.85544204711914
-0.27846458554267883 , 25.78325080871582
-0.27846458554267883 , 12.98639965057373
-0.27846458554267883 , 38.741432189941406
-0.27846458554267883 , 22.35521697998047
-0.27846458554267883 , 21.676542282104492
-0.27846458554267883 , 15.149486541748047
-0.27846458554267883 , 16.200746536254883
-0.27846458554267883 , 15.414620399475098
-0.27846458554267883 , 16.75189971923828
-0.27846458554267883 , 15.79914379119873
-0.27846458554267883 , 16.570981979370117
-0.27846458554267883 , 20.6640682220459
-0.27846458554267883 , 14.102066993713379
-0.27846458554267883 , 19.392581939697266
-0.27846458554267883 , 20.436180114746094
-0.27846458554267883 , 22.80366325378418
-0.27846458554267883 , 17.43044662475586
-0.27846458554267883 , 28.9874210357666
-0.27846458554267883 , 17.895156860351562
-0.27846458554267883 , 14.447675704956055
-0.27846458554267883 , 21.6795711517334
-0.27846458554267883 , 18.95783042907715
-0.27846458554267883 , 20.270126342773438
-0.27846458554267883 , 16.42946434020996
-0.27846458554267883 , 37.29433822631836
-0.27846458554267883 , 21.961505889892578
-0.27846458554267883 , 10.544231414794922
-0.27846458554267883 , 13.655411720275879
-0.27846458554267883 , 11.327187538146973
-0.27846458554267883 , 20.054302215576172
-0.27846458554267883 , 14.870332717895508
-0.27846458554267883 , 41.879295349121094
