-0.27846458554267883 , 48.107818603515625
-0.27846458554267883 , 47.91938018798828
-0.27846458554267883 , 21.51898956298828
-0.27846458554267883 , 40.3280029296875
-0.27846458554267883 , 11.768353462219238
-0.27846458554267883 , 15.904057502746582
-0.27846458554267883 , 14.54938793182373
-0.27846458554267883 , 9.775128364562988
-0.27846458554267883 , 19.84244155883789
-0.27846458554267883 , 15.219328880310059
-0.27846458554267883 , 16.247970581054688
-0.27846458554267883 , 11.536081314086914
-0.27846458554267883 , 14.357793807983398
-0.27846458554267883 , 10.122488975524902
-0.27846458554267883 , 11.854586601257324
-0.27846458554267883 , 9.86118221282959
-0.27846458554267883 , 13.85224437713623
-0.27846458554267883 , 12.972160339355469
-0.27846458554267883 , 13.210515975952148
-0.27846458554267883 , 11.895882606506348
-0.27846458554267883 , 9.29619312286377
-0.27846458554267883 , 13.240519523620605
-0.27846458554267883 , 8.886640548706055
-0.27846458554267883 , 17.011402130126953
-0.27846458554267883 , 7.576969146728516
-0.27846458554267883 , 23.411090850830078
-0.27846458554267883 , 16.1345157623291
-0.27846458554267883 , 17.173391342163086
-0.27846458554267883 , 9.139389991760254
-0.27846458554267883 , 11.571043014526367
-0.27846458554267883 , 10.432697296142578
-0.27846458554267883 , 10.431135177612305
-0.27846458554267883 , 9.282829284667969
-0.27846458554267883 , 11.312582015991211
-0.27846458554267883 , 10.249493598937988
-0.27846458554267883 , 10.63807201385498
-0.27846458554267883 , 10.749096870422363
-0.27846458554267883 , 8.903707504272461
-0.27846458554267883 , 14.910796165466309
-0.27846458554267883 , 7.859499454498291
-0.27846458554267883 , 17.363317489624023
-0.27846458554267883 , 8.287841796875
-0.27846458554267883 , 24.765262603759766
-0.27846458554267883 , 17.35165023803711
-0.27846458554267883 , 18.703523635864258
-0.27846458554267883 , 11.095297813415527
-0.27846458554267883 , 13.108470916748047
-0.27846458554267883 , 13.046464920043945
-0.27846458554267883 , 14.58924674987793
-0.27846458554267883 , 14.574912071228027
-0.27846458554267883 , 12.02602481842041
-0.27846458554267883 , 11.459641456604004
-0.27846458554267883 , 14.25231647491455
-0.27846458554267883 , 16.650232315063477
-0.27846458554267883 , 21.992212295532227
-0.27846458554267883 , 45.078739166259766
-0.27846458554267883 , 50.73027038574219
-0.27846458554267883 , 26.898212432861328
-0.27846458554267883 , 65.96539306640625
-0.27846458554267883 , 17.9697265625
-0.27846458554267883 , 27.039785385131836
-0.27846458554267883 , 30.40910530090332
-0.27846458554267883 , 46.473079681396484
-0.27846458554267883 , 36.23164367675781
-0.27846458554267883 , 131.71768188476562
-0.27846458554267883 , 47.48411560058594
-0.27846458554267883 , 11.336657524108887
-0.27846458554267883 , 32.5880241394043
-0.27846458554267883 , 27.465097427368164
-0.27846458554267883 , 59.9493522644043
-0.27846458554267883 , 63.92738723754883
-0.27846458554267883 , 64.52591705322266
