-0.27846458554267883 , 122.763916015625
-0.27846458554267883 , 80.42485809326172
-0.27846458554267883 , 25.23130226135254
-0.27846458554267883 , 76.21083068847656
-0.27846458554267883 , 12.2991943359375
-0.27846458554267883 , 10.111924171447754
-0.27846458554267883 , 12.743501663208008
-0.27846458554267883 , 12.543890953063965
-0.27846458554267883 , 24.418710708618164
-0.27846458554267883 , 15.179801940917969
-0.27846458554267883 , 14.946565628051758
-0.27846458554267883 , 9.694321632385254
-0.27846458554267883 , 14.360154151916504
-0.27846458554267883 , 8.289292335510254
-0.27846458554267883 , 15.383432388305664
-0.27846458554267883 , 9.864824295043945
-0.27846458554267883 , 13.726848602294922
-0.27846458554267883 , 12.303483963012695
-0.27846458554267883 , 14.040773391723633
-0.27846458554267883 , 14.037113189697266
-0.27846458554267883 , 13.74645709991455
-0.27846458554267883 , 16.36264991760254
-0.27846458554267883 , 12.809484481811523
-0.27846458554267883 , 25.8364200592041
-0.27846458554267883 , 15.109675407409668
-0.27846458554267883 , 31.800989151000977
-0.27846458554267883 , 22.2504825592041
-0.27846458554267883 , 20.80947494506836
-0.27846458554267883 , 9.839347839355469
-0.27846458554267883 , 14.88594913482666
-0.27846458554267883 , 11.985394477844238
-0.27846458554267883 , 16.499160766601562
-0.27846458554267883 , 13.063301086425781
-0.27846458554267883 , 13.710444450378418
-0.27846458554267883 , 15.008039474487305
-0.27846458554267883 , 14.051446914672852
-0.27846458554267883 , 20.789108276367188
-0.27846458554267883 , 16.858346939086914
-0.27846458554267883 , 23.532506942749023
-0.27846458554267883 , 14.57017707824707
-0.27846458554267883 , 21.967750549316406
-0.27846458554267883 , 12.768815994262695
-0.27846458554267883 , 27.632863998413086
-0.27846458554267883 , 20.359716415405273
-0.27846458554267883 , 17.841176986694336
-0.27846458554267883 , 12.598633766174316
-0.27846458554267883 , 15.39464282989502
-0.27846458554267883 , 14.755062103271484
-0.27846458554267883 , 14.411003112792969
-0.27846458554267883 , 15.36998176574707
-0.27846458554267883 , 14.9014253616333
-0.27846458554267883 , 16.9739933013916
-0.27846458554267883 , 13.37954044342041
-0.27846458554267883 , 19.392581939697266
-0.27846458554267883 , 16.27327537536621
-0.27846458554267883 , 16.579111099243164
-0.27846458554267883 , 17.43044662475586
-0.27846458554267883 , 28.222347259521484
-0.27846458554267883 , 17.567188262939453
-0.27846458554267883 , 14.447675704956055
-0.27846458554267883 , 21.6795711517334
-0.27846458554267883 , 18.25621795654297
-0.27846458554267883 , 19.47994613647461
-0.27846458554267883 , 15.776121139526367
-0.27846458554267883 , 33.58308792114258
-0.27846458554267883 , 21.961505889892578
-0.27846458554267883 , 8.5978422164917
-0.27846458554267883 , 12.51408576965332
-0.27846458554267883 , 11.327187538146973
-0.27846458554267883 , 18.097999572753906
-0.27846458554267883 , 13.889653205871582
-0.27846458554267883 , 41.38199996948242
