-0.27846458554267883 , 47.19005584716797
-0.27846458554267883 , 60.6540412902832
-0.27846458554267883 , 26.745046615600586
-0.27846458554267883 , 43.54872512817383
-0.27846458554267883 , 11.413818359375
-0.27846458554267883 , 19.633010864257812
-0.27846458554267883 , 12.606425285339355
-0.27846458554267883 , 10.040120124816895
-0.27846458554267883 , 19.740894317626953
-0.27846458554267883 , 13.744680404663086
-0.27846458554267883 , 14.924179077148438
-0.27846458554267883 , 9.306492805480957
-0.27846458554267883 , 16.241994857788086
-0.27846458554267883 , 7.085707664489746
-0.27846458554267883 , 8.405746459960938
-0.27846458554267883 , 8.97883415222168
-0.27846458554267883 , 10.56688117980957
-0.27846458554267883 , 9.047754287719727
-0.27846458554267883 , 10.169822692871094
-0.27846458554267883 , 10.93055248260498
-0.27846458554267883 , 8.655740737915039
-0.27846458554267883 , 15.25999641418457
-0.27846458554267883 , 8.193346977233887
-0.27846458554267883 , 14.075457572937012
-0.27846458554267883 , 6.786004543304443
-0.27846458554267883 , 25.427074432373047
-0.27846458554267883 , 13.902570724487305
-0.27846458554267883 , 13.820762634277344
-0.27846458554267883 , 8.696432113647461
-0.27846458554267883 , 10.079804420471191
-0.27846458554267883 , 7.897494792938232
-0.27846458554267883 , 8.874852180480957
-0.27846458554267883 , 7.763904571533203
-0.27846458554267883 , 8.03393840789795
-0.27846458554267883 , 7.729057312011719
-0.27846458554267883 , 7.432684421539307
-0.27846458554267883 , 9.541211128234863
-0.27846458554267883 , 7.32023286819458
-0.27846458554267883 , 13.28813362121582
-0.27846458554267883 , 11.607034683227539
-0.27846458554267883 , 24.483205795288086
-0.27846458554267883 , 22.470027923583984
-0.27846458554267883 , 95.07431030273438
-0.27846458554267883 , 85.2830810546875
-0.27846458554267883 , 154.84507751464844
-0.27846458554267883 , 137.85418701171875
-0.27846458554267883 , 145.729248046875
-0.27846458554267883 , 120.93950653076172
-0.27846458554267883 , 156.94723510742188
-0.27846458554267883 , 158.71710205078125
-0.27846458554267883 , 133.31399536132812
-0.27846458554267883 , 62.91333770751953
-0.27846458554267883 , 90.104736328125
-0.27846458554267883 , 56.76597213745117
-0.27846458554267883 , 38.13596725463867
-0.27846458554267883 , 26.845991134643555
-0.27846458554267883 , 22.25189208984375
-0.27846458554267883 , 25.003433227539062
-0.27846458554267883 , 24.751447677612305
-0.27846458554267883 , 61.69013977050781
-0.27846458554267883 , 185.0771942138672
-0.27846458554267883 , 146.25511169433594
-0.27846458554267883 , 167.65576171875
-0.27846458554267883 , 40.055992126464844
-0.27846458554267883 , 41.61267852783203
-0.27846458554267883 , 26.39719581604004
-0.27846458554267883 , 5.462722301483154
-0.27846458554267883 , 13.191546440124512
-0.27846458554267883 , 13.098365783691406
-0.27846458554267883 , 27.604276657104492
-0.27846458554267883 , 28.246868133544922
-0.27846458554267883 , 43.31124496459961
