-0.27846458554267883 , 127.95972442626953
-0.27846458554267883 , 95.8485107421875
-0.27846458554267883 , 26.774709701538086
-0.27846458554267883 , 76.21087646484375
-0.27846458554267883 , 12.88995361328125
-0.27846458554267883 , 10.9607515335083
-0.27846458554267883 , 14.403651237487793
-0.27846458554267883 , 13.003046989440918
-0.27846458554267883 , 29.272838592529297
-0.27846458554267883 , 16.141761779785156
-0.27846458554267883 , 16.297651290893555
-0.27846458554267883 , 9.694320678710938
-0.27846458554267883 , 14.360158920288086
-0.27846458554267883 , 9.206293106079102
-0.27846458554267883 , 21.127063751220703
-0.27846458554267883 , 11.094549179077148
-0.27846458554267883 , 15.596446990966797
-0.27846458554267883 , 14.668112754821777
-0.27846458554267883 , 14.040776252746582
-0.27846458554267883 , 16.120119094848633
-0.27846458554267883 , 13.746453285217285
-0.27846458554267883 , 21.443933486938477
-0.27846458554267883 , 12.991461753845215
-0.27846458554267883 , 27.77387046813965
-0.27846458554267883 , 15.943459510803223
-0.27846458554267883 , 34.2149658203125
-0.27846458554267883 , 22.250476837158203
-0.27846458554267883 , 20.80947494506836
-0.27846458554267883 , 10.813554763793945
-0.27846458554267883 , 16.122533798217773
-0.27846458554267883 , 12.786040306091309
-0.27846458554267883 , 16.49917984008789
-0.27846458554267883 , 13.06330394744873
-0.27846458554267883 , 16.01816177368164
-0.27846458554267883 , 16.052186965942383
-0.27846458554267883 , 14.259638786315918
-0.27846458554267883 , 20.789113998413086
-0.27846458554267883 , 16.85835075378418
-0.27846458554267883 , 26.902063369750977
-0.27846458554267883 , 17.855453491210938
-0.27846458554267883 , 25.78325080871582
-0.27846458554267883 , 12.986405372619629
-0.27846458554267883 , 38.741424560546875
-0.27846458554267883 , 22.3552188873291
-0.27846458554267883 , 21.676546096801758
-0.27846458554267883 , 15.149492263793945
-0.27846458554267883 , 16.20071792602539
-0.27846458554267883 , 15.414607048034668
-0.27846458554267883 , 16.75191307067871
-0.27846458554267883 , 15.799141883850098
-0.27846458554267883 , 16.570985794067383
-0.27846458554267883 , 20.664064407348633
-0.27846458554267883 , 14.10206413269043
-0.27846458554267883 , 19.39258575439453
-0.27846458554267883 , 20.43617057800293
-0.27846458554267883 , 22.803667068481445
-0.27846458554267883 , 17.430456161499023
-0.27846458554267883 , 28.98745346069336
-0.27846458554267883 , 17.895156860351562
-0.27846458554267883 , 14.447663307189941
-0.27846458554267883 , 21.679567337036133
-0.27846458554267883 , 18.957828521728516
-0.27846458554267883 , 20.270118713378906
-0.27846458554267883 , 16.429468154907227
-0.27846458554267883 , 37.29437255859375
-0.27846458554267883 , 21.96150016784668
-0.27846458554267883 , 10.544227600097656
-0.27846458554267883 , 13.65539836883545
-0.27846458554267883 , 11.327186584472656
-0.27846458554267883 , 20.0543212890625
-0.27846458554267883 , 14.87032413482666
-0.27846458554267883 , 41.879302978515625
